country_code	populationquartile_2021	age0to14_percent	age65over_percent	deathrate_per1000	physicians_per1000	risk_impoverishing_surgicalcare_percent	healthexpenditure_percentofgdp	outofpocketexpenditure_percentcurrenthealthexpenditure	outofpocketexpenditure_over25percenthouseholdincome_percentofpeople	Density_Diff_2022_2016
SYC	1	23.7361993	8.40073604	6.8	2.4717	2.6	5.1902914	25.22789	1.29809296	0.0
CAF	2	43.0348003	2.81700275	11.722	0.0721	75.0	7.75300884	60.3156509	1.22224975	0.0
GNB	1	41.6895312	2.91720045	9.268	0.1274	61.4	8.34976101	65.1556091	0.95382929	-0.7220164475
SLE	2	40.0054266	2.93804106	11.296	0.074	47.9	8.74976635	55.1825714	3.04469943	0.0
COM	1	38.7460873	3.17744029	7.061	0.1699	34.2	5.17030334	61.8279648	1.64124095	0.0
LSO	2	32.1439836	5.02140033	13.689	0.0692	38.6	11.2694635	13.761529	1.35076404	0.0
TLS	1	36.62608	4.29690901	5.893	0.7687	49.1	7.15850592	8.15130901	0.54629922	0.0
GMB	2	43.8189023	2.51493298	7.55	0.1073	31.5	3.82171082	23.1936207	0.02828525	-0.06351352045
LBR	2	40.0315393	3.35981042	7.257	0.0376	18.5	8.47005749	54.3960457	1.13130105	0.01930424415
BDI	3	45.0531205	2.45717144	7.611	0.1001	98.2	7.99091434	24.6763573	0.43286356	0.007074471112999999
BTN	1	24.5548777	6.3321101	6.261	0.46	6.7	3.60761595	17.7904301	1.76505041	-1.1814503263
BWA	2	33.0207935	4.65518486	5.718	0.2893	6.5	6.04836559	3.1368885	0.20519167	-0.36703395689999996
SUR	1	26.4090909	7.29182156	7.451	0.8194	30.7	9.7369957	16.0925331	1.35123324	-0.7767746301
GIN	3	42.7122381	2.97479248	8.033	0.0832	46.1	3.98389959	59.2154274	1.25234067	-0.010358387770000001
BLZ	1	28.7636387	5.16109594	4.797	1.078	23.2	5.96689224	21.8106232	3.0999999	-0.1120889262
TCD	3	46.2299021	2.51240542	11.715	0.0542	60.4	4.3536315	57.2234383	1.575423	-0.26483832077
COG	2	40.950286	2.81385247	6.546	0.1064	66.7	2.08331084	45.8619919	0.65937674	-0.35556910546
MUS	1	16.404161	13.0321737	8.7	2.5331	1.7	6.19943714	45.7204628	1.90461314	-0.319151731
TGO	2	40.3036122	2.93664376	8.199	0.0776	68.9	5.72606897	66.2097778	2.43388295	0.026346319139999998
GAB	2	37.3581561	3.53309271	6.603	0.6819	6.9	2.76836205	23.0880222	0.71676666	-0.3907227173
NAM	2	36.6849557	3.61706831	7.732	0.5914	21.6	8.49700546	8.23502064	0.31883052	-0.07722632109999994
BEN	3	41.7240969	3.29997334	8.567	0.0647	46.0	2.38842916	47.0435677	0.97716814	0.04779714356999999
MLI	3	46.7317599	2.47096063	9.163	0.1286	53.1	3.89389849	31.3529644	0.08951681	0.037369560569999995
HTI	3	32.1075822	5.28078006	8.379	0.2343	73.8	4.72808981	43.2952995	3.98440552	-0.26802852033
ARM	2	20.7929782	12.2822575	9.801	4.4023	3.5	11.3352642	84.7942963	7.09430599	0.349697909
EST	1	16.4864528	20.7574037	11.9	3.4629	2.6	6.7304492	24.0453682	1.18823802	-0.23915901500000003
PAN	2	26.2396958	8.76679389	5.143	1.6324	9.7	7.58405781	27.5701408	0.65158492	0.0534447938
CMR	3	41.7792987	2.72755573	8.879	0.0881	39.3	3.59539533	72.5307007	1.78449023	0.06109171789
LBN	2	24.4653314	7.89084768	4.566	2.1038	0.1	8.64661503	33.5359383	6.30000019	1.7118330987
TZA	4	43.2910303	2.67124675	6.122	0.0603	73.6	3.82769322	22.1512833	0.81676877	0.01383176207
KGZ	2	32.5566098	4.93716692	6.1	2.213	33.4	4.49454117	46.181427	0.72351229	0.24381141209999996
CYP	1	16.4538197	14.7422967	7.182	1.9509	0.1	7.00903225	30.5682697	1.59415042	2.1620972360000006
MLT	1	14.4212528	21.8124413	7.9	2.8598	0.0	8.21444321	34.6480827	2.74729896	0.5804178622
MNG	2	31.1956997	4.47759266	6.354	3.8518	35.6	3.76607823	34.767334	1.33400679	-0.40859701949999994
LKA	3	23.4327644	11.6334323	6.851	1.1539	14.8	4.07979679	45.6366005	0.89853585	-0.21063172659999999
RWA	3	39.2440319	3.2071147	5.047	0.1182	54.9	6.41066742	11.6721802	0.1307219	0.027558292429999996
LUX	1	15.5951192	14.6472825	7.3	3.0073	0.0	5.37075996	9.62240314	0.28100699	0.5496308830000001
COD	4	45.6129448	3.02749271	9.118	0.0899	84.4	3.53626084	38.4970055	0.61039168	0.011978051551999998
MDG	3	39.8170662	3.16375144	5.819	0.1812	80.1	3.68728375	32.5162506	0.63126212	0.03434736179
LVA	1	16.7687588	21.0476812	15.2	3.3015	10.2	6.57814217	35.7198181	5.70008898	-0.09455905500000017
SVN	2	15.105228	21.2674217	11.4	3.1721	0.0	8.52386475	11.6613169	0.31002721	0.03295124810000005
GHA	4	36.888026	3.20999262	7.145	0.1064	18.1	3.41858864	36.2175407	0.11108952	0.0047021317100000015
MOZ	4	43.7971564	2.85767079	7.951	0.0846	65.6	7.83351135	9.97822762	0.40306348	-0.004520908930000001
URY	2	20.2202717	15.2732263	9.477	4.9398	1.7	9.34783173	15.4614582	0.16628216	0.1826772700999999
MRT	2	39.5018847	3.21627587	7.026	0.1865	30.0	3.30329728	45.0210877	2.94621015	0.1210972589
MWI	3	42.5065061	2.65208357	6.26	0.0358	67.4	7.39341164	16.8648796	1.02094924	0.00837918365
NER	3	49.5418673	2.5934135	7.817	0.0433	72.0	5.6686306	46.0952911	0.90559626	0.005895418159999999
DOM	3	27.1692778	7.76690768	6.233	1.4518	5.8	5.929142	42.9484558	0.94140357	0.08312056150000002
SRB	2	15.2413151	19.406488	16.9	3.1131	1.9	8.67206478	37.040184	0.53041565	0.27722114399999986
MDA	2	15.8120029	13.0224783	11.776	2.5586	1.5	6.3779459	35.6940308	3.56346226	1.067249185
BLR	3	17.2834677	16.0989433	13.0	5.1905	0.1	5.86133957	25.6900635	0.60000002	0.9383731607
UGA	4	45.5485541	2.01231737	6.242	0.168	68.7	3.82522416	38.2602882	3.77238584	0.00588889276
DNK	2	16.27792	20.3422911	9.4	4.2247	0.0	9.95583057	14.1692524	0.49398193	-0.06288450900000009
GTM	3	32.883929	5.14638468	4.706	0.3549	17.7	6.21161032	55.9891777	3.7795701	0.12244636720000002
IRL	2	20.4747149	14.9034489	6.4	3.352	0.0	6.67931509	11.7155657	0.47965041	-0.09642555789999996
CRI	2	20.5774333	10.6423714	5.227	2.8939	7.3	7.27393246	22.324564	1.12851179	-0.14024081740000005
NPL	3	28.0678667	5.91094096	6.288	0.8091	60.3	4.44515085	57.9130402	2.10224247	0.27521168005999996
LTU	2	15.5612444	21.1071423	15.6	5.0399	2.7	7.00600433	32.2702217	2.66561794	1.565380212
PRY	2	28.6313663	6.98928395	5.587	1.3544	15.5	7.17281008	41.6250839	1.93376207	0.24035676820000001
SVK	2	15.588436	17.2236597	10.8	3.517	0.0	6.9586463	19.1593475	0.04252543	0.38154345329999995
AGO	4	46.1508192	2.20628457	7.798	0.2146	39.0	2.53335953	37.4648705	12.4773035	0.01825813269
SLV	2	26.3072987	8.827477	7.102	2.8699	7.1	7.16578436	28.3723183	0.30440146	0.12761436199999998
KEN	4	37.9866979	2.59584592	5.345	0.1565	36.4	4.59182692	24.2997627	1.2657764	0.038257875250000004
BOL	3	29.8029822	7.61616302	6.762	1.0299	11.1	6.9233799	23.8687553	0.80539107	-2.5532128671
FIN	2	15.6476508	22.9551795	10.0	4.6404	0.0	9.15348339	17.4489651	0.65809578	1.1243843491999999
ECU	3	27.1675981	7.81926911	5.139	2.22	15.1	7.81824684	30.8784161	2.44082022	0.0482956712
BGD	4	26.3111507	5.33075378	5.524	0.6367	43.8	2.48357606	72.6763535	8.44791508	0.011783400619999995
BGR	2	14.6675718	21.7492721	18.0	4.2071	3.2	7.12611389	38.9731331	3.06731963	1.6559805956
UKR	4	15.9076306	17.3130751	15.9	2.9923	0.8	7.09860182	51.1189232	1.15282059	0.8027158624
HRV	2	14.470272	21.6614306	14.1	2.9996	0.1	6.97861767	11.4647665	0.25680777	0.785954091
BFA	3	44.0888062	2.43024453	7.71	0.094	54.2	5.46494246	34.6935616	0.41735455	0.044968599899999996
JOR	3	32.0966916	4.042547	3.916	2.3237	7.4	7.58246946	30.2898254	0.25369781	0.2688878427
NIC	2	29.1078624	5.9024213	5.091	1.6645	32.1	8.4039259	34.4112053	9.10280228	0.0808794156
SDN	4	39.4621205	3.72097545	7.047	0.2618	46.4	4.57356596	67.3834229	3.3365705	0.051677129599999996
GEO	2	20.2599148	15.5611198	12.746	7.0784	12.4	6.65744257	46.7677536	9.7379694	1.7823034849
TUN	3	24.220624	9.18894523	6.258	1.3025	0.8	6.95845938	37.937809	2.36132622	0.17397662300000005
BIH	2	14.2707477	18.5313712	11.054	2.1616	1.2	9.04909897	29.3528118	1.38621235	0.9335937039
SEN	3	42.2863789	3.12946953	5.481	0.0881	27.7	4.13226938	50.9905472	0.19358054	0.08204055563
ZAF	4	28.5924548	5.63257276	9.375	0.7923	27.5	9.10935497	5.69271421	0.12076421	0.35533041875000004
COL	4	21.8867868	9.39452982	5.706	3.8441	11.4	7.70943594	14.8569613	2.22923827	0.41960541549999997
CIV	3	41.3525187	2.91109559	9.707	0.1623	48.2	3.29862952	37.2936745	3.37089634	0.024281765009999998
PER	4	24.6730144	8.95421497	5.662	0.82	7.6	5.21506882	28.1324158	1.14103663	-0.2689633404999999
MAR	4	26.4825741	7.92996721	5.064	0.7308	12.8	5.30845118	46.8105125	6.43893576	0.22723617920000005
KAZ	3	29.1814587	8.16839749	8.6	3.98	0.1	2.78745675	33.8638268	0.11997223	0.7372154534
BEL	3	16.9607351	19.5741505	11.0	5.9556	0.0	10.6560497	18.1728878	1.39449883	1.1821176890000002
VNM	4	23.1689003	8.20914108	6.444	0.8281	19.1	5.24965572	42.953186	1.7339083	0.43217371698999996
AUS	3	19.324773	16.5009676	6.3	3.7595	0.0	9.91078568	15.9810858	0.39857844	-0.2921069006
HUN	3	14.450273	20.5987982	14.5	3.4075	0.7	6.35002232	28.1595612	0.30962214	0.05001916200000012
PRT	3	12.8692531	23.1489906	12.0	5.3117	0.2	9.53145981	30.452877	3.31107855	-0.15882741100000008
RUS	4	18.4867519	15.9972607	14.6	4.4395	2.9	5.64849138	36.5737457	0.89999998	1.5430401932
GRC	3	13.4176102	22.6410468	12.2	6.2262	0.2	7.83788586	35.1769714	1.61979163	0.7663833100000002
CZE	3	15.8120407	20.4376032	12.1	4.1157	0.0	7.83470726	14.1500254	0.05268634	0.5099165183000001
PHL	4	29.5286813	5.72177004	5.979	0.6004	17.0	4.07676649	48.5594864	1.41477716	0.09522679307000001
CHL	3	19.0139359	12.700261	6.348	5.1824	8.5	9.33272362	32.8000259	2.0893302	0.9246888334000001
POL	4	15.2497506	19.3701485	12.6	2.3788	0.0	6.44682503	20.4448128	1.31569397	0.6086504399
MYS	4	23.2666734	7.44553196	5.254	1.5358	3.2	3.82514191	34.5738335	0.13060832	0.33197717860000003
GBR	4	17.6234823	18.8472021	10.4	5.8233	0.0	10.154027	17.0736084	0.36943042	0.34274904210000007
ARG	4	24.2727804	11.5039096	7.602	3.9901	4.3	9.5100708	27.6585159	2.53601456	1.6990434722999999
IRN	4	24.8365838	6.80209034	4.835	1.5844	15.8	6.71061659	39.4937477	3.45970011	1.9068115969000001
ROU	3	15.4899938	19.6578964	15.4	2.9807	0.4	5.74447823	18.8771687	2.19121432	-0.6719111469000001
CAN	4	15.7501216	18.5563886	8.1	2.4425	0.0	10.8444777	14.9146795	0.80000001	0.48748269790000004
THA	4	16.3014917	13.5357354	7.917	0.9188	4.0	3.78912091	8.66959858	0.27342901	0.20095234000000006
MEX	4	25.4873355	7.83283005	6.15	4.8496	5.2	5.43305254	42.122097	0.23062883	0.8747077604
PAK	4	34.6302473	4.3990594	6.844	1.1179	31.4	3.37992716	53.8084908	0.49841329	0.10000478653
ESP	4	14.2166099	20.318845	10.4	4.0299	0.1	9.13213158	21.8114548	1.12299538	0.356038552
USA	4	18.2440162	17.0373617	10.3	2.6036	0.2	16.7670631	11.3115778	0.7560901	0.5755468100000001
IDN	4	25.6212097	6.51187614	6.567	0.4651	10.5	2.90493584	34.7615585	0.87407577	0.07020993913000001
IND	4	25.7791118	6.77570042	7.301	0.9281	24.1	3.0141468	54.7816353	6.53457642	0.29825365009
KOR	4	12.2681828	16.5668262	5.9	2.4082	0.0	8.1641655	30.245081	2.86905599	1.409356924
EGY	4	33.8281977	5.43138295	5.748	0.7463	9.7	4.73997355	62.7481117	6.0967617	0.3707778044
ITA	4	12.7858698	23.607682	12.6	8.013	0.1	8.66856861	23.3148041	1.08317542	0.243742892
CHN	4	17.5954006	12.4131947	7.07	1.9798	6.1	5.3502779	35.2300186	9.18357563	0.6653749357
BRA	4	20.4506127	9.93873518	6.614	2.3106	13.4	9.5912714	24.8798466	1.88022995	0.4944453071000001
DEU	4	14.0386038	21.9770513	11.9	4.2996	0.0	11.6972494	12.8164005	0.09586816	1.3003066479999998
JPN	4	12.2989632	28.6980319	11.1	2.4796	0.0	10.7437248	12.9073572	1.89999998	1.952266194
IRQ	4	37.3022304	3.47727441	4.707	0.7079	12.6	4.47671509	50.0969658	0.87106323	-0.18886030040000001
NGA	4	43.3088077	2.75735737	11.422	0.3806	30.6	3.02666044	70.524025	4.09420729	-0.2191426949
TUR	4	23.5694305	9.2858252	5.484	1.8065	1.8	4.34409809	16.8898201	0.36360547	0.7923708799999998
