country_code	income_fy23	populationquartile_2021	country_war	age0to14_percent	age15to65over_percent	age65over_percent	people_per_sqkm	populationgrowth_percent	urbanpopulation_percentoftotal	urbanpopulationgrowth_percent	ruralpopulation_percentoftotal	ruralpopulationgrowth_percent	schoolenrollment_secondary_female_percent	schoolenrollment_secondary_male_percent	gdp_percapita_lcu	gdpgrowth_percent	deathrate_per1000	mortality_rta_per100000	physicians_per1000	surgicalprocedures_per100000	risk_impoverishing_surgicalcare_percent	risk_catastrophic_surgicalcare_percent	pushedbelow_60percent_poverty_healthcareexpenditure_percent	healthexpenditure_percentofgdp	healthexpenditure_percapita_usd	outofpocketexpenditure_percentcurrenthealthexpenditure	outofpocketexpenditure_over25percenthouseholdincome_percentofpeople	netofficialaidanddevassistance_2020usd	Density_Diff_2022_2016
ATG	4	1	0	21.7338019	68.6106694	9.65552866	224.381818	0.81360794	24.38	0.59587234	75.62	0.88390784	89.72818	87.87115	31230.4513	5.27084884	6.484	0.0	2.7673					4.44295979	760.264954	24.2651005		28000000.0	-2.200220022
NRU	4	1	0				543.65	0.35933148	100.0	0.35933148	0.0		72.9097	70.71547	8214.84411	1.5			1.3462	7130.0				9.78171635	1049.44702	1.14929473		55500000.0	-39.3081761
SYC	4	1	0	23.7361993	67.8630647	8.40073604	215.656522	0.74874884	57.972	1.48553139	42.028	-0.2587014	82.59028	77.63271	207344.61	1.84690038	6.8	11.3	2.4717	4268.0	2.6	5.0	10.65736	5.1902914	839.773315	25.22789	1.29809296	16770000.46	0.0
KNA	4	1	0				205.946154	0.66330885	30.906	0.86785555	69.094	0.57194903	99.6962	96.26943	38890.3037	-1.0245786	8.1		2.7672					5.39632845	1087.80103	46.3679695		28360000.61	-3.640069889
CAF	1	2	0	43.0348003	54.1481969	2.81700275	7.89750393	1.8508283	42.648	2.91157175	57.352	1.06927093	9.70857	15.72045	158013.28	0.90000001	11.722	37.7	0.0721		75.0	76.3	13.29501	7.75300884	37.1995812	60.3156509	1.22224975	770030029.3	0.0
GNB	1	1	0	41.6895312	55.3932684	2.91720045	71.6746088	2.38455596	44.617	3.33264874	55.383	1.62724903			256852.814	3.80000243	9.268	32.2	0.1274		61.4	81.2	14.74866	8.34976101	62.5755768	65.1556091	0.95382929	123699996.9	-0.7220164475
SLE	1	2	0	40.0054266	57.0565323	2.93804106	112.792228	2.03946336	43.372	3.08008907	56.628	1.24969651	41.00903	42.52242	1266744.76	3.05020269	11.296	33.0	0.074	372.0	47.9	50.4	13.71255	8.74976635	46.1579552	55.1825714	3.04469943	607169982.9	0.0
SSD	1	3	1	41.0701499	55.5663822	3.36346794	18.0105562	1.66247124	20.514	3.20994739	79.486	1.26695107	4.49366	6.45559	1491.89102	-10.793365	10.22	36.7		268.0			19.95808	6.04213858	22.6381874	23.527586	4.04738188	1912030029.0	0.0
COM	2	1	0	38.7460873	58.0764724	3.17744029	477.407845	2.14575387	29.613	2.93550586	70.387	1.81534773	51.66721	49.09022	479224.996	2.34780357	7.061	26.6	0.1699		34.2	54.1	19.30878	5.17030334	72.3237991	61.8279648	1.64124095	80040000.92	0.0
SWZ	2	1	0	36.9522383	59.0348374	4.01292434	68.1609884	1.04651136	24.369	1.86256307	75.631	0.78498378	47.09057	36.35775	38508.1735	7.42613228	8.877	33.5	0.0961				12.47551	6.78069067	264.055145	10.5772104	1.29342175	73120002.75	-0.1575905042
KIR	2	1	0	35.8326743	59.8202517	4.34707394	149.861728	1.61276406	56.335	2.93665243	43.665	-0.0697817			1527.77695	-0.5469869	6.251	1.9	0.2039	1718.0	89.3	0.0		10.2641439	172.30574	0.1049399		57970001.22	-7.2417851
LSO	2	2	0	32.1439836	62.8346161	5.02140033	71.1155138	0.78185718	29.48	2.32696899	70.52	0.14295233	50.02598	32.73142	9535.90509	1.01587082	13.689	31.9	0.0692		38.6	24.8		11.2694635	124.193634	13.761529	1.35076404	146809997.6	0.0
FSM	2	1	0	30.9658162	64.4141277	4.62005608	166.078571	1.06713339	23.068	1.65429745	76.932	0.89173996			2078.10559	-3.1882099	6.681	0.2	0.1942		36.4	5.6		11.4420805	415.198273	2.86158395		91910003.66	0.0
WSM	2	1	0	37.0988613	57.7010127	5.20012591	70.7222615	0.87015107	17.742	0.04506788	82.258	1.04900977	89.73174	81.59628	9312.3621	-8.0785628	5.188	13.0	0.3445	1552.0				6.36309385	271.915771	10.1381912		125569999.7	-3.648778962
STP	2	1	0	41.279861	55.6274847	3.09265427	232.670833	1.89961082	75.073	2.86190939	24.927	-0.9438417	68.83567	61.7004	20173.8018	1.8	4.706	27.9	0.3159				8.218964	5.52976227	108.446404	17.6580296	1.15235507	52700000.76	0.0
SLB	2	1	0	39.8895732	56.3883886	3.72203819	25.1516613	2.46145611	25.128	4.30089989	74.872	1.85162108	28.91144	32.94859	15052.6637	-0.17726	4.221	16.5	0.1937	868.0	48.8	7.7		4.77362394	111.904488	3.43970704		230289993.3	0.0
TLS	2	1	0	36.62608	59.077011	4.29690901	90.3749159	1.91064954	31.695	3.10082218	68.305	1.36315891	67.0025	58.58363	1626.35034	4.39999846	5.893	11.9	0.7687	433.0	49.1	4.9	2.76067	7.15850592	92.670044	8.15130901	0.54629922	240229995.7	0.0
VUT	2	1	0	38.1522209	58.2136588	3.63412028	25.7968827	2.35333746	25.665	2.90013852	74.335	2.16524101	49.82538	48.12172	213467.996	0.53165202	5.129	14.9	0.1653	1277.0	13.3	2.9		3.36034679	104.249611	8.53738308		133970001.2	-3.476473928
DMA	3	1	0				96.2293333	0.25110478	71.395	0.67961899	28.605	-0.8104632	91.18397	84.38385	15349.1659	6.53574657	9.6	10.9	1.1034					5.46006632	440.169861	33.859642		52409999.85	-8.294051783
GRD	3	1	0	23.756647	66.2213217	10.0220313	332.397059	0.4398457	36.694	0.86945487	63.306	0.19167145	82.76135	92.51908	20009.4961	5.3163253	9.587	8.0	1.4363					4.96524	534.274414	54.4209557		15020000.46	-4.70150166
MHL	3	1	0				331.211111	0.71373565	78.162	1.18730347	21.838	-0.9631629	58.42967	53.41091	3396.74763	-2.5000024	3.7	5.7	0.4233					16.3414002	664.318481	11.6624956		65440002.44	-5.67129192
PLW	3	1	0				39.5086957	0.45221497	81.483	1.06582591	18.517	-2.2043508			13680.0796	-9.7374179	7.6	4.78	1.4205					15.1504889	2355.6958	12.0024033		24770000.46	0.0
VCT	3	1	0	21.575007	68.2715728	10.1534203	285.305128	0.28980832	53.452	1.08019611	46.548	-0.6101864	91.64213	87.44717	20550.7151	0.73510736	9.384	7.4	0.941	2509.0				4.75291252	354.808655	29.1140595		86010002.14	-3.657644477
TON	3	1	0	34.3583739	59.6768453	5.96478082	148.276389	0.99974474	23.104	1.02280796	76.896	0.99281611	83.70213	80.56171	9791.62417	0.6546986	7.045	33.0	0.5403	5061.0	5.2	2.3		4.98149967	242.372772	9.8578825		109910003.7	-7.576762071
TUV	3	1	0				397.5	1.12157013	64.785	2.31761601	35.215	-1.0424165	71.19497	62.48507	5786.16352	2.98507463			0.9091	3417.0				23.961813	972.612427	0.32330775		37360000.61	-30.32447185
GMB	1	2	0	43.8189023	53.6661647	2.51493298	245.744763	2.8663756	63.222	3.88379819	36.778	1.14124344			26181.9085	5.62649914	7.55	29.6	0.1073		31.5	21.4	12.7601	3.82171082	29.7258034	23.1936207	0.02828525	198740005.5	-0.06351352045
LBR	1	2	0	40.0315393	56.6086503	3.35981042	53.7812292	2.39379229	52.573	3.31870414	47.427	1.37842318	14.61057	16.74498	669.107323	4.00001	7.257	38.9	0.0376	462.0	18.5	23.2	16.38693	8.47005749	52.56287	54.3960457	1.13130105	604580017.1	0.01930424415
GNQ	3	1	0	36.8265724	60.8036025	2.36982515	51.6895187	3.28862715	73.561	3.91726342	26.439	1.56009158			3328192.09	-0.9453919	8.908	27.2	0.4017					3.13503671	254.891098	75.46521		65379997.25	-0.90558724466
FJI	3	1	0	28.9098754	65.0644696	6.02565494	49.4197592	0.71748718	57.74	1.575061	42.26	-0.4424566	88.84323	80.44146	9631.91952	-4.0814249	8.327	13.5	0.86	1490.0				3.81607008	235.675018	13.194603	0.11060274	142860000.6	-1.017340852
GUY	3	1	0	27.4775219	65.2085342	7.31394387	4.01487935	0.47815789	26.897	0.89165011	73.103	0.32644953	84.39333	80.3473	2273207.54	19.9272289	7.65	22.3	1.819		18.0	26.1		4.93048668	325.885162	34.8306961		118580001.8	-0.004378801900000007
BDI	1	3	1	45.0531205	52.489708	2.45717144	477.236332	3.02056285	14.058	5.54176912	85.942	2.61413792	31.01462	24.03288	148309.524	1.7953	7.611	35.5	0.1001		98.2	90.6	15.45547	7.99091434	20.5675411	24.6763573	0.43286356	601539978.0	0.007074471112999999
BTN	2	1	0	24.5548777	69.1130122	6.3321101	20.4483482	1.06838733	43.008	2.69046071	56.992	-0.1384927	76.54685	64.10904	83849.8377	-10.076341	6.261	16.2	0.46	2639.0	6.7	2.5	4.182159	3.60761595	115.980759	17.7904301	1.76505041	184339996.3	-1.1814503263
CPV	2	1	0	27.6651634	67.4159723	4.91886428	139.429529	1.05789665	67.102	1.73085977	32.898	-0.3008658	74.47218	66.42105	272928.272	6.95244869	5.536	26.8	0.7814		11.0	16.3	11.55973	4.93621731	177.890274	24.9407673		156460006.7	-1.3953584517
BWA	3	2	0	33.0207935	62.3240217	4.65518486	4.22995077	1.9211497	71.56	2.88019587	28.44	-0.4520587			77917.3132	11.3641364	5.718	26.4	0.2893		6.5	1.7	8.192589	6.04836559	481.533051	3.1368885	0.20519167	68650001.53	-0.36703395689999996
MDV	3	1	0	19.8737346	76.3296586	3.7966068	1812.06667	0.56781335	41.102	1.6270279	58.898	-0.1647709			123491.815	30.9628423	2.734	1.6	1.7084				11.36111	8.04001141	854.370605	16.4522572	4.06677771	72959999.08	0.3679040506
SUR	3	1	0	26.4090909	66.2990875	7.29182156	3.79357692	0.87642444	66.219	0.98213976	33.781	0.66951989	63.96008	52.04255	24614.8179	-3.4786642	7.451	15.3	0.8194		30.7	32.0	8.712032	9.7369957	619.247131	16.0925331	1.35123324	23739999.77	-0.7767746301
GIN	1	3	0	42.7122381	54.3129694	2.97479248	54.9293383	2.73726893	37.264	3.78665195	62.736	2.1191288	25.56081	38.73981	5392818.81	3.12323	8.033	29.7	0.0832		46.1	55.8	9.983227	3.98389959	43.0378227	59.2154274	1.25234067	592409973.1	-0.010358387770000001
BLZ	3	1	0	28.7636387	66.0752654	5.16109594	17.751644	1.81778782	46.201	2.19961311	53.799	1.49104636	73.35268	68.98259	6533.71695	9.75316324	4.797	22.6	1.078	1964.0	23.2	28.3		5.96689224	293.412598	21.8106232	3.0999999	38369998.93	-0.1120889262
LCA	3	1	0	17.7207158	71.6930586	10.5862256	302.296721	0.41953163	18.94	0.94356606	81.06	0.29748168	81.71289	80.91649	25649.6142	6.59932736	7.334	29.8	0.6409				12.43988	4.32460737	502.181702	46.2526512	1.9294014	32659999.85	-1.095755007
BHS	4	1	0	21.2966066	70.6706507	8.03274269	39.6517483	0.92791764	83.365	1.07194993	16.635	0.20922413	65.04684	59.92424	24783.7819	13.7197349	6.93	7.7	1.9387					5.74977493	2004.61633	26.2340012			1.007774984
ISL	4	1	0	19.1517185	64.7823086	16.0659729	3.69230388	1.57889895	93.944	1.62805354	6.056	0.81945769	92.39913	90.18292	7162113.38	3.6997924	6.3	2.0	4.1416		0.1	33.3		8.63868046	6274.95947	15.4622812			1.074416793
TCD	1	3	1	46.2299021	51.2576925	2.51240542	13.4331202	2.93430541	23.781	4.03789868	76.219	2.59245255	12.28557	25.37613	310683.929	-1.1999905	11.715	32.4	0.0542	52.0	60.4	70.7	14.73986	4.3536315	29.8508301	57.2234383	1.575423	722559997.6	-0.26483832077
COG	2	2	0	40.950286	56.2358616	2.81385247	16.5652035	2.48645731	68.283	3.15354951	31.717	1.06521291			687466.26	-3.5	6.546	29.7	0.1064		66.7	79.8	21.54282	2.08331084	48.558773	45.8619919	0.65937674	192479995.7	-0.35556910546
MUS	3	1	0	16.404161	70.5636653	13.0321737	623.674877	0.02527846	40.775	0.06200637	59.225	0.0	87.0561	81.66395	258102.554	4.04021973	8.7	12.2	2.5331	2057.0	1.7	10.5	5.347149	6.19943714	685.945618	45.7204628	1.90461314	22260000.23	-0.319151731
OMN	4	2	0	22.8624022	74.5046833	2.63291454	16.8768207	2.26058073	87.044	3.14680409	12.956	-3.4980998	93.15358	99.30491	6594.02634	-3.200936	2.42	10.6	1.9301	2293.0				4.07190228	624.744446	6.55615425		-21399999.62	-0.5977996818
TGO	1	2	1	40.3036122	56.7597441	2.93664376	155.878691	2.38126965	43.358	3.67659023	56.642	1.40095001	33.45215	48.52573	521637.151	5.26059492	8.199	28.7	0.0776		68.9	75.4	13.77979	5.72606897	51.1550293	66.2097778	2.43388295	420660003.7	0.026346319139999998
GAB	3	2	0	37.3581561	59.1087512	3.53309271	8.84398261	2.35776614	90.423	2.72451059	9.577	-1.0401946			2513042.56	1.5053594	6.603	23.9	0.6819		6.9	11.8	16.98041	2.76836205	215.01915	23.0880222	0.71676666	121510002.1	-0.3907227173
NAM	3	2	0	36.6849557	59.697976	3.61706831	3.14268848	1.8107221	53.005	3.66154307	46.995	-0.2364952	57.81182	46.12255	52798.4843	2.43063986	7.732	34.8	0.5914		21.6	12.7	22.47917	8.49700546	427.256226	8.23502064	0.31883052	151619995.1	-0.07722632109999994
BEN	2	3	1	41.7240969	54.9759297	3.29997334	110.420637	2.66826235	48.972	3.81217159	51.028	1.58261273	39.81058	53.18202	745361.051	6.60000101	8.567	26.8	0.0647		46.0	50.2	17.9573	2.38842916	29.1252918	47.0435677	0.97716814	612289978.0	0.04779714356999999
MLI	1	3	1	46.7317599	50.7972795	2.47096063	17.0921938	2.94324651	44.677	4.6771969	55.323	1.56458384	26.81248	32.95999	264601.674	3.06987005	9.163	22.7	0.1286	3321.0	53.1	43.5	16.40721	3.89389849	34.2817764	31.3529644	0.08951681	1902790039.0	0.037369560569999995
BRB	4	1	0	16.5506359	66.2616306	17.1877335	669.088372	0.1172013	31.246	0.29298582	68.754	0.03741645	96.81848	90.61275	27766.0931	1.4	9.131	8.2	2.4878				9.930802	6.29990387	1143.32202	46.7262306	3.81942177	14949999.81	0.6951492485
PNG	2	2	0	34.8472477	61.4944385	3.65831379	20.1364771	1.90393989	13.456	2.73222576	86.544	1.77577076	29.18538	35.38656	7058.39471	1.5	7.295	12.6	0.0661	1264.0	16.5	3.8		2.30036092	65.080719	9.91931438		688380004.9	-0.34225691112
HTI	2	3	0	32.1075822	62.6116377	5.28078006	418.783853	1.21295673	57.964	2.73577445	42.036	-0.8495526			53225.2532	-1.7982399	8.379	18.8	0.2343		73.8	72.8	9.723681	4.72808981	56.9944	43.2952995	3.98440552	732849975.6	-0.26802852033
BRN	4	1	0	21.920495	72.1150449	5.96446011	83.7821632	0.92126497	78.554	1.30912776	21.446	-0.4867164	84.048	81.32889	43043.0899	-1.6055451	4.656	7.5	1.609					2.16031361	671.562683	5.68010855			-0.0654881770000002
LAO	2	2	0	31.6186449	64.0087796	4.3725755	31.9729549	1.41664067	36.939	3.18921732	63.061	0.39273348	59.35568	60.65005	18215397.4	2.528351	6.317	17.9	0.3726		29.0	45.8	4.490054	2.59852362	68.2213135	41.8322868		644309997.6	-0.0041937988500000065
ARM	3	2	0	20.7929782	66.9247643	12.2822575	104.254584	0.16502116	63.431	0.35122714	36.569	-0.1571435	88.05112	87.45784	1894589.16	5.7	9.801	20.0	4.4023	4198.0	3.5	25.3	7.208881	11.3352642	523.999084	84.7942963	7.09430599	427980011.0	0.349697909
SOM	1	3	1	45.9843526	51.0979306	2.91771682	26.0775656	2.89162281	46.731	4.162209	53.269	1.79012288			9756619.48	3.33443081	10.501	27.4	0.023				2.308623				0.0	1900380005.0	0.010869647869999999
EST	4	1	0	16.4864528	62.7561435	20.7574037	30.5786519	-0.0169254	69.415	0.25142614	30.585	-0.6233116	95.49697	93.28745	19306.8022	8.34945362	11.9	4.5	3.4629	9684.0	2.6	75.1	6.368515	6.7304492	1598.81885	24.0453682	1.18823802		-0.23915901500000003
PAN	4	2	0	26.2396958	64.9935103	8.76679389	59.0692937	1.53665175	68.775	2.06295676	31.225	0.38710973	65.94409	61.71676	9297.17853	15.3358191	5.143	13.9	1.6324		9.7	16.2	17.66188	7.58405781	1192.8208	27.5701408	0.65158492	73639999.39	0.0534447938
CMR	2	3	1	41.7792987	55.4931455	2.72755573	57.5918893	2.5234607	58.148	3.53982387	41.852	1.12828389	43.0281	48.92577	852554.348	3.48659924	8.879	30.2	0.0881		39.3	57.3	26.47445	3.59539533	53.9958496	72.5307007	1.78449023	1368760010.0	0.06109171789
LBN	2	2	0	24.4653314	67.6438209	7.89084768	661.69609	-0.8281428	89.093	-0.6393879	10.907	-2.356776			5874828.25	-10.519389	4.566	16.4	2.1038		0.1	0.9		8.64661503	663.051086	33.5359383	6.30000019	1558619995.0	1.7118330987
MNE	3	1	0	17.9749161	65.8595692	16.1655147	46.1095167	-0.1825243	67.826	0.31716351	32.174	-1.2278099	89.75502	88.45482	6189.46004	12.434359	11.7	7.6	2.7557				8.144381	8.32983208	735.158875	38.5562897	0.7778613	100529998.8	0.325462162
TZA	2	4	0	43.2910303	54.0377229	2.67124675	69.4270016	2.91068378	35.954	4.95343395	64.046	1.78195677	27.31307	25.79293	2140530.0	4.27908454	6.122	31.1	0.0603		73.6	50.0	10.0011	3.82769322	40.3433037	22.1512833	0.81676877	2187989990.0	0.01383176207
KGZ	2	2	0	32.5566098	62.5062233	4.93716692	34.9019812	1.72219322	37.146	2.50597634	62.854	1.26185786	84.12084	84.64377	47015.9557	3.6106127	6.1	12.7	2.213	3045.0	33.4	46.2	3.112686	4.49454117	62.1447754	46.181427	0.72351229	452709991.5	0.24381141209999996
CYP	4	1	0	16.4538197	68.8038836	14.7422967	131.557143	0.67909243	66.856	0.7314794	33.144	0.57350397	95.3969	95.27911	24925.5293	5.51268536	7.182	5.8	1.9509	3057.0	0.1	8.1	14.00625	7.00903225	1996.45825	30.5682697	1.59415042		2.1620972360000006
MLT	4	1	0	14.4212528	63.7663059	21.8124413	1615.21563	0.29781043	94.81	0.36737652	5.19	-0.9645423	94.47046	91.52666	25000.2056	9.41353837	7.9	4.1	2.8598	13232.0	0.0	3.5	14.15099	8.21444321	2531.91089	34.6480827	2.74729896		0.5804178622
BHR	4	1	0	18.0640464	79.0428509	2.89310277	2241.40385	2.7082033	89.622	2.83771528	10.378	1.59669172	93.78209	86.97008	7221.25408	2.22535124	2.439	5.2	0.9257	3899.0				4.01147509	940.395691	29.7322998	1.39999998		0.0580093599
TTO	4	1	0	19.8215017	68.259731	11.9187673	273.562183	0.27707381	53.265	0.37286471	46.735	0.16801046			101037.089	-0.9853077	8.637	9.3	4.476				2.307308	7.02007389	1167.93311	46.9128189	1.92928541	4400000.095	0.26702291489999996
MNG	2	2	0	31.1956997	64.3267076	4.47759266	2.13791704	1.54341101	68.785	1.72968514	31.215	1.13415997			8120114.8	1.4210091	6.354	21.0	3.8518	5339.0	35.6	25.1	13.90233	3.76607823	163.441864	34.767334	1.33400679	320179992.7	-0.40859701949999994
NZL	4	2	0	19.2872013	63.9772557	16.735543	19.4546352	0.63450001	86.789	0.73825782	13.211	-0.0444676	97.71525	96.04486	58476.0119	4.64680675	6.41	9.6	3.4205	5308.0				9.74117661	4211.04639	12.2447338			0.008155353699999979
LKA	2	3	0	23.4327644	64.9338033	11.6334323	358.140437	1.07544996	18.86	1.85795176	81.14	0.89444065	92.25549	89.82158	445991.902	3.65563226	6.851	19.7	1.1539	4943.0	14.8	27.4	7.27229	4.07979679	160.69696	45.6366005	0.89853585	203080001.8	-0.21063172659999999
AZE	3	3	0	23.4123832	69.4653079	7.12230893	122.743146	0.51477674	56.776	1.18456576	43.224	-0.3582493	88.15416	88.86419	3028.08704	5.60003727	7.5	6.7	3.446	1842.0	6.3	28.1		4.03829002	193.108841	67.9625168		125769996.6	0.2390142792
RWA	1	3	1	39.2440319	57.5488534	3.2071147	538.164451	2.47304828	17.568	3.25021943	82.432	2.30819457	38.78909	32.92642	738107.517	10.8845192	5.047	29.4	0.1182	512.0	54.9	8.3	11.60073	6.41066742	51.3991242	11.6721802	0.1307219	1210410034.0	0.027558292429999996
LUX	4	1	0	15.5951192	69.7575983	14.6472825	262.99177	1.36293169	91.672	1.60208522	8.328	-1.2324626	85.22662	82.02628	99669.2616	6.88656771	7.3	4.1	3.0073	21933.0	0.0	1.5	20.46672	5.37075996	6220.74121	9.62240314	0.28100699		0.5496308830000001
COD	1	4	1	45.6129448	51.3595624	3.02749271	40.7481026	3.09642353	46.235	4.39606127	53.765	1.99215583			147395.121	5.71220368	9.118	34.9	0.0899		84.4	74.4	19.65092	3.53626084	20.5707321	38.4970055	0.61039168	3075760010.0	0.011978051551999998
MDG	1	3	0	39.8170662	57.0191824	3.16375144	48.8610055	2.62429751	39.207	4.35572931	60.793	1.52334601	31.03119	28.66958	746178.77	4.40234	5.819	29.2	0.1812	163.0	80.1	57.4	12.16457	3.68728375	19.8499756	32.5162506	0.63126212	769659973.1	0.03434736179
LVA	4	1	0	16.7687588	62.1835601	21.0476812	30.3295539	-0.9137895	68.421	-0.7587878	31.579	-1.2488037	94.93903	92.71269	14786.8728	4.4820954	15.2	8.1	3.3015	18395.0	10.2	87.2	9.337108	6.57814217	1166.79785	35.7198181	5.70008898		-0.09455905500000017
SVN	4	2	0	15.105228	63.6273502	21.2674217	104.636728	0.21798705	55.427	0.77708283	44.573	-0.4729226	96.62219	94.81207	22265.2962	8.1145581	11.4	5.1	3.1721	7579.0	0.0	0.5	7.000299	8.52386475	2219.10059	11.6613169	0.31002721		0.03295124810000005
GHA	2	4	1	36.888026	59.9019814	3.20999262	139.457361	2.09921643	57.985	3.2021104	42.015	0.59681557	57.88249	56.6328	5516.72264	5.3564779	7.145	25.7	0.1064	869.0	18.1	16.6	14.58403	3.41858864	75.281662	36.2175407	0.11108952	948530029.3	0.0047021317100000015
MOZ	1	4	0	43.7971564	53.3451728	2.85767079	40.900131	2.86248416	37.628	4.34574133	62.372	1.97818456	19.3244	19.23149	21212.9803	2.22481927	7.951	30.0	0.0846	367.0	65.6	23.1	12.92875	7.83351135	39.4609413	9.97822762	0.40306348	1941439941.0	-0.004520908930000001
TKM	3	2	0	30.6337084	64.3716725	4.99461909	13.0188177	1.42804539	52.998	2.34167574	47.002	0.40777838			10369.4866	6.3	7.044	13.5	2.2247	2698.0	3.5	7.2		6.56862497	500.006439	76.7882309		26000000.0	-0.4156656113
JAM	3	2	0	23.1493044	67.5518747	9.29882094	274.557895	0.41455094	56.652	1.01833078	43.348	-0.3690804	76.31102	71.72318	284954.831	4.6	7.612	15.1	0.4549		10.4	9.6		6.09748316	327.403534	16.4376068		129809997.6	-0.18454552879999997
ZWE	2	3	0	41.3216959	55.6222296	3.05607457	39.0129792	1.53061409	32.303	1.719628	67.697	1.44054802	48.51255	48.96004	1241.32449	5.84941976	7.692	41.2	0.2096				1.816996	7.70356494	103.028272	24.3766229	7.02517605	988039978.0	0.0732862242
URY	4	2	0	20.2202717	64.506502	15.2732263	19.9128785	0.32835778	95.603	0.42046186	4.397	-1.6535507	91.12043	85.42257	497339.539	4.36700931	9.477	14.8	4.9398		1.7	2.8	13.94096	9.34783173	1660.95288	15.4614582	0.16628216	43849998.47	0.1826772700999999
SGP	4	2	0	12.4131928	73.3213537	14.2654535	7691.91255	-4.1703363	100.0	-4.1703363	0.0		99.79816	99.7717	90979.2968	7.61396262	5.2	2.1	2.2936					4.08152914	2632.71387	30.1511288	1.47486424		0.6792676791
MRT	2	2	1	39.5018847	57.2818395	3.21627587	4.63288057	2.66229117	56.133	4.1085717	43.867	0.84159984	31.72382	30.24987	52651.6758	2.29974854	7.026	25.6	0.1865		30.0	48.2	8.797981	3.30329728	57.8848457	45.0210877	2.94621015	421299987.8	0.1210972589
MWI	1	3	0	42.5065061	54.8414103	2.65208357	208.397126	2.6703885	17.695	4.19653044	82.305	2.34529867	34.76096	33.7171	378997.756	2.75141641	6.26	33.4	0.0358		67.4	22.0	8.990644	7.39341164	30.4002876	16.8648796	1.02094924	1227180054.0	0.00837918365
NER	1	3	1	49.5418673	47.8647192	2.5934135	19.8395911	3.7467773	16.751	4.49580747	83.249	3.59673639	17.06071	22.96816	301603.251	1.35205375	7.817	25.5	0.0433	263.0	72.0	74.2	14.99128	5.6686306	31.3976364	46.0952911	0.90559626	1521439941.0	0.005895418159999999
KWT	4	2	0	21.1474512	75.4761063	3.37644246	242.904209	1.34876374	100.0	1.34876374	0.0		88.71225	84.50138	8431.21174	-8.8552789	2.919	15.4	2.6463					5.49601221	1758.67419	11.7942419			-0.18635369809999996
DOM	3	3	0	27.1692778	65.0638145	7.76690768	226.738025	0.97066952	83.213	1.78272489	16.787	-2.9601041	74.54667	66.76219	251126.663	12.2719902	6.233	64.6	1.4518		5.8	13.6	11.6687	5.929142	491.059357	42.9484558	0.94140357	136589996.3	0.08312056150000002
SRB	3	2	0	15.2413151	65.3521969	19.406488	78.2538075	-0.8010984	56.651	-0.4385764	43.349	-1.272891	92.5323	91.62383	771458.595	7.38927089	16.9	7.5	3.1131		1.9	8.2	11.74817	8.67206478	641.025024	37.040184	0.53041565	585349975.6	0.27722114399999986
YEM	1	4	1	38.4158286	58.6121282	2.97204322	57.7507036	2.2040295	38.546	3.8730477	61.454	1.17120535	40.19504	54.71941	6782.45761	-2.0615131	5.976	29.4	0.5251	158.0			9.674103	4.25285769	73.1767426	80.9572372	4.15904951	4470379883.0	0.20575596199999996
UZB	2	4	0	28.7453121	66.2292343	5.02545353	79.2525337	1.97570607	50.427	1.99752135	49.573	1.95351985	90.35013	91.34043	4315013.08	7.42011024	5.1	11.7	2.3742	2584.0	24.9	31.2		5.61760426	98.5731659	57.6849709		1170550049.0	0.35483552523999995
MKD	3	1	0	16.2068376	68.8923481	14.9008142	81.8831086	-0.3595788	58.786	0.15885954	41.214	-1.0944383			222340.203	3.96426417	12.4	5.1	2.8736					7.25409985	436.887177	40.3825684		144990005.5	0.2470346268
MDA	3	2	0	15.8120029	71.1655189	13.0224783	89.6142718	-1.7930094	42.998	-1.445849	57.002	-2.0540861	77.59551	78.29615	50192.9588	13.9445896	11.776	7.3	2.5586	4898.0	1.5	6.8	6.415763	6.3779459	284.307129	35.6940308	3.56346226	352040008.5	1.067249185
BLR	3	3	0	17.2834677	66.617589	16.0989433	46.0159326	-0.4234775	79.91	0.11231082	20.09	-2.526658	96.18075	95.12669	8810.08925	2.50674235	13.0	7.6	5.1905	8741.0	0.1	3.1	11.19358	5.86133957	399.397095	25.6900635	0.60000002	221089996.3	0.9383731607
UGA	1	4	1	45.5485541	52.4391286	2.01231737	235.006648	2.97774643	25.553	5.34980409	74.447	2.17636752	21.04045	23.74499	2773192.34	3.37963342	6.242	29.4	0.168	241.0	68.7	64.7	12.60823	3.82522416	32.4084435	38.2602882	3.77238584	2132649902.0	0.00588889276
LBY	3	2	0	27.4008943	67.9781741	4.62093154	3.9547484	1.26179699	80.994	1.63659902	19.006	-0.3198563			13138.1333	31.3724222	5.119	21.3	2.0905					6.05012751	309.878662	36.6682816		323109985.4	0.3559735136
DNK	4	2	0	16.27792	63.3797889	20.3422911	146.418325	0.43341449	88.24	0.5740343	11.76	-0.6154507	92.25643	89.6541	394157.838	4.69343302	9.4	3.7	4.2247	21197.0	0.0	0.1	9.671734	9.95583057	6003.3252	14.1692524	0.49398193		-0.06288450900000009
ALB	3	2	0	17.0755113	67.6845231	15.2399656	102.615547	-0.9269181	62.969	0.44340448	37.031	-3.2148042	89.1819	84.32964	574825.64	8.54408325	8.263	11.7	1.6471	1900.0			6.566845	5.23207188	274.914093	44.5841179	4.9453969	31409999.85	0.23052785590000002
GTM	3	3	0	32.883929	61.9696863	5.14638468	159.665416	1.48031681	52.245	2.26625511	47.755	0.62750019	42.97926	44.54363	31823.1191	7.52762878	4.706	22.9	0.3549	1505.0	17.7	33.6	13.24103	6.21161032	271.021271	55.9891777	3.7795701	398079986.6	0.12244636720000002
IRL	4	2	0	20.4747149	64.6218362	14.9034489	72.9892582	0.84994336	63.912	1.25600253	36.088	0.13483219	98.72828	97.33072	79844.4838	13.478658	6.4	3.1	3.352	3053.0	0.0	0.7	9.565082	6.67931509	5428.58887	11.7155657	0.47965041		-0.09642555789999996
CRI	3	2	0	20.5774333	68.7801953	10.6423714	100.647336	0.87830657	81.425	1.68474053	18.575	-2.5819814	84.30884	80.66948	7249747.36	7.5795653	5.227	14.8	2.8939	3746.0	7.3	7.5	11.22145	7.27393246	921.585754	22.324564	1.12851179	60110000.61	-0.14024081740000005
NPL	2	3	0	28.0678667	66.0211923	5.91094096	207.010255	1.829999	21.008	3.90778641	78.992	1.28460069	62.81848	60.93904	80246.6361	4.24694014	6.288	16.3	0.8091	209.0	60.3	59.7	13.33882	4.44515085	53.2464027	57.9130402	2.10224247	1381459961.0	0.27521168005999996
ARE	4	3	0	14.8920603	83.6594289	1.44851077	140.679851	1.01284055	87.299	1.30078202	12.701	-0.9441742	90.32952	95.1514	143459.852	-6.1345008	1.582	8.9	2.5278		0.1	2.8		4.27504921	1842.69446	12.5074921			0.1303990075
LTU	4	2	0	15.5612444	63.3316133	21.1071423	44.6323008	0.01559871	68.249	0.31352514	31.751	-0.6218079	98.3545	98.49294	16288.4889	5.00350077	15.6	8.1	5.0399	10189.0	2.7	36.4	8.073183	7.00600433	1369.97949	32.2702217	2.66561794		1.565380212
PRY	3	2	0	28.6313663	64.3793498	6.98928395	18.1717619	1.21392185	62.496	1.71601876	37.504	0.3827968	65.97249	65.80062	29828298.8	4.19988167	5.587	22.0	1.3544		15.5	24.8	17.7392	7.17281008	388.39325	41.6250839	1.93376207	132220001.2	0.24035676820000001
SVK	4	2	0	15.588436	67.1879043	17.2236597	113.295487	-0.2123588	53.82	-0.1008119	46.18	-0.3422032	85.3043	84.23779	16154.0327	3.02047175	10.8	6.1	3.517	8786.0	0.0	0.0	10.96766	6.9586463	1342.07483	19.1593475	0.04252543		0.38154345329999995
ZMB	1	3	0	43.5724225	54.2700143	2.15756318	25.4518584	2.87759605	45.192	4.13120984	54.808	1.85561954			7540.79297	3.5728153	6.216	20.5	0.0925	680.0				5.31220293	69.324379	10.2316017	0.00912042	987309997.6	-0.012814085770000004
AGO	2	4	0	46.1508192	51.6428962	2.20628457	27.2187463	3.19591551	67.46	4.14167049	32.54	1.26327124	10.07569	12.52422	43596.499	0.7	7.798	26.1	0.2146		39.0	49.4	19.87138	2.53335953	71.326004	37.4648705	12.4773035	49229999.54	0.01825813269
SLV	2	2	0	26.3072987	64.8652243	8.827477	314.599421	0.49672909	74.118	1.41026299	25.882	-2.0741043	62.55455	61.12096	3953.03367	10.8008686	7.102	20.9	2.8699	2797.0	7.1	11.3	2.573509	7.16578436	300.053284	28.3723183	0.30440146	307000000.0	0.12761436199999998
KEN	2	4	1	37.9866979	59.4174562	2.59584592	96.6119092	2.23333202	28.493	3.99658649	71.507	1.53930967	45.79807	49.04343	170802.293	7.51735539	5.345	28.3	0.1565		36.4	21.1	10.5901	4.59182692	83.4116287	24.2997627	1.2657764	3290439941.0	0.038257875250000004
NOR	4	2	0	17.1264978	65.0842263	17.7892759	14.8129381	0.53477228	83.323	0.95448409	16.677	-1.5362363	95.62558	95.59103	625328.013	3.92266521	7.5	2.1	4.885		0.0	0.1		10.5213471	8007.39795	13.8597908			0.311258276
BOL	2	3	0	29.8029822	62.5808548	7.61616302	10.9230462	1.36058628	70.475	1.86131146	29.525	0.17541339	76.97286	76.15256	4030.92317	6.1058042	6.762	21.1	1.0299	2305.0	11.1	7.9	12.60019	6.9233799	245.923477	23.8687553	0.80539107	736549987.8	-2.5532128671
FIN	4	2	0	15.6476508	61.3971696	22.9551795	18.2340616	0.21954191	85.596	0.31188236	14.404	-0.3274406	96.3946	95.82859	41884.47	3.47454718	10.0	3.9	4.6404	8850.0	0.0	0.1	10.82723	9.15348339	4450.30273	17.4489651	0.65809578		1.1243843491999999
SWE	4	3	0	17.6552477	61.8750535	20.4696989	25.5721956	0.60059153	88.238	0.89681377	11.762	-1.5941051	99.46348	99.80837	452887.922	4.80061158	9.5	3.1	4.331	17480.0	0.0	0.1		10.8674927	5671.38574	13.8763819			0.03824588799999984
ECU	3	3	1	27.1675981	65.0131328	7.81926911	72.0263891	1.38140899	64.361	1.68484851	35.639	0.83574504	86.0294	83.3652	3862.19283	4.23525124	5.139	20.1	2.22	1552.0	15.1	23.1	14.82015	7.81824684	486.492157	30.8784161	2.44082022	542770019.5	0.0482956712
BGD	2	4	0	26.3111507	68.3580955	5.33075378	1277.58696	0.97532238	38.946	2.96960545	61.054	-0.2763521	72.27917	61.06971	170407.989	6.93867509	5.524	15.3	0.6367	161.0	43.8	55.3	8.688302	2.48357606	45.8571625	72.6763535	8.44791508	4527919922.0	0.011783400619999995
BGR	3	2	0	14.6675718	63.5831561	21.7492721	63.551262	-0.5044419	76.025	-0.0575424	23.975	-1.9085005	87.85868	90.18541	14633.1712	4.17787358	18.0	9.2	4.2071	6884.0	3.2	9.4	12.39617	7.12611389	697.896362	38.9731331	3.06731963		1.6559805956
UKR	2	4	1	15.9076306	66.7792943	17.3130751	75.6206093	-0.7219592	69.757	-0.508134	30.243	-1.213421	86.08094	85.29221	62718.4414	3.4	15.9	10.2	2.9923	5337.0	0.8	7.5	11.11484	7.09860182	248.133484	51.1189232	1.15282059	1181150024.0	0.8027158624
HRV	4	2	0	14.470272	63.8682974	21.6614306	68.8990988	-3.7423767	57.878	-3.1792664	42.122	-4.510986	94.05053	90.81997	102108.694	10.4488725	14.1	7.9	2.9996		0.1	1.1	10.16859	6.97861767	1040.08569	11.4647665	0.25680777	259999.9905	0.785954091
BFA	1	3	1	44.0888062	53.4809492	2.43024453	78.571261	2.8011914	31.24	4.84825292	68.76	1.88480831	31.69258	30.33627	449581.573	6.90634167	7.71	31.0	0.094	328.0	54.2	40.8	12.9931	5.46494246	42.3445282	34.6935616	0.41735455	1175199951.0	0.044968599899999996
VEN	3	3	1	26.5359875	65.2997214	8.16429108	32.5434465	0.94155337	88.325	0.99364608	11.675	0.54833268	76.7969	69.83931	1990.82351	-3.8943865	7.218	39.0	1.73		11.5	24.4		5.36708355	338.825378	18.4640961		291440002.4	-0.5964433787000001
JOR	3	3	0	32.0966916	63.8607614	4.042547	115.668191	0.64362745	91.626	0.87088918	8.374	-1.8098389	63.52398	61.68659	2944.58421	2.20976477	3.916	17.0	2.3237	2982.0	7.4	15.9	13.9907	7.58246946	334.04422	30.2898254	0.25369781	2820679932.0	0.2688878427
KHM	2	3	0	30.6967812	64.317941	4.98527773	96.0029798	1.35140736	24.668	3.13467984	75.332	0.77430643	36.66987	39.91728	3333187.91	3.02638936	5.999	19.6	0.1927					6.98908329	113.31044	64.3912506	4.92094421	1004650024.0	0.13847230370000002
NIC	2	2	0	29.1078624	64.9897163	5.9024213	55.6953548	1.16794891	59.277	1.61599487	40.723	0.51933361	52.40421	44.6393	27984.2426	10.344929	5.091	16.9	1.6645	4860.0	32.1	33.1	21.41328	8.4039259	160.758789	34.4112053	9.10280228	398390014.6	0.0808794156
SDN	1	4	1	39.4621205	56.816904	3.72097545	24.2853841	2.38879877	35.593	3.34863132	64.407	1.86229605	30.72621	32.25343	447.380157	0.11458821	7.047	26.8	0.2618		46.4	71.1	17.26972	4.57356596	46.9288406	67.3834229	3.3365705	1651199951.0	0.051677129599999996
GEO	3	2	0	20.2599148	64.1789653	15.5611198	64.8834809	-0.3796366	59.872	0.32266641	40.128	-1.4184058	96.84329	95.15542	11180.988	10.3589427	12.746	12.4	7.0784	5488.0	12.4	35.7	15.75145	6.65744257	291.12204	46.7677536	9.7379694	511929992.7	1.7823034849
TUN	2	3	1	24.220624	66.5904308	9.18894523	76.8264933	0.98631865	69.888	1.4452507	30.112	-0.0707855			7628.10567	3.34280247	6.258	16.5	1.3025		0.8	6.0	14.75786	6.95845938	233.059311	37.937809	2.36132622	1006349976.0	0.17397662300000005
BIH	3	2	0	14.2707477	67.197881	18.5313712	63.7394336	-0.5304191	49.425	0.29237381	50.575	-1.3280152			10319.4365	7.10223883	11.054	13.5	2.1616		1.2	2.9	7.848919	9.04909897	553.822937	29.3528118	1.38621235	475029998.8	0.9335937039
SEN	2	3	0	42.2863789	54.5841516	3.12946953	89.3175505	2.66589051	48.6	3.65430196	51.4	1.74022347	39.42459	35.9396	824758.081	6.06449597	5.481	23.5	0.0881		27.7	37.4	18.61763	4.13226938	59.0975838	50.9905472	0.19358054	1474060059.0	0.08204055563
ISR	4	3	0	27.7164123	59.7032074	12.5803803	432.71719	1.60291067	92.674	1.69682382	7.326	0.42246115	100.0	98.03686	155135.562	8.18804046	5.3	3.9	5.4667	4879.0			15.47508	7.46131897	3456.38696	20.9799728	1.84237993		0.07063072689999994
NLD	4	3	0	15.54515	64.0039983	20.4508516	520.742649	0.52554946	92.572	0.8891721	7.428	-3.8985731	93.74044	92.61802	43644.46	5.03590202	9.7	4.0	3.7066	16639.0	0.0	0.1		10.130311	5335.30127	10.5773087			0.1571924909000001
ZAF	3	4	0	28.5924548	65.7749724	5.63257276	49.4950878	1.22884124	67.847	1.95812912	32.153	-0.2928167	78.52272	65.42324	74780.5669	4.91460266	9.375	22.2	0.7923		27.5	15.0	16.64938	9.10935497	546.688416	5.69271421	0.12076421	982770019.5	0.35533041875000004
COL	3	4	1	21.8867868	68.7186833	9.39452982	46.206256	0.74980631	81.74	1.13591869	18.26	-0.9605637	80.16872	74.88658	17665552.6	10.5632927	5.706	15.4	3.8441	27385.0	11.4	8.1	12.21471	7.70943594	495.329712	14.8569613	2.22923827	911440002.4	0.41960541549999997
HND	2	3	0	30.1067049	64.7803322	5.11296294	89.9364912	1.58646313	58.982	2.64833667	41.018	0.07903523	46.71862	40.95284	22471.036	12.534096	4.465	16.1	0.3089		32.1	46.5		7.2839179	187.554337	52.6090965		463980011.0	-0.053154400100000054
CIV	2	3	1	41.3525187	55.7363857	2.91109559	85.074305	2.52804006	52.18	3.44058694	47.82	1.54170134	35.05883	45.34263	1427445.38	7.02150184	9.707	24.1	0.1623		48.2	68.7		3.29862952	75.0877914	37.2936745	3.37089634	1230800049.0	0.024281765009999998
SYR	1	3	1	30.6870948	64.4190303	4.89387494	99.5246093	4.33341044	56.124	5.49652016	43.876	2.86507024	48.07895	48.90337	40652.4985	1.47576648	4.827	14.9	1.2874	1617.0	14.0	37.1	11.9285	3.56564736	69.8301086	53.6898613		10403209961.0	0.6076839599999999
SAU	4	4	1	24.5423865	71.807138	3.65047557	16.439896	1.50189239	84.508	1.7637494	15.492	0.08542495	94.10711	98.52917	73985.6389	3.24092977	3.545	35.9	2.6117	3399.0				5.68828773	1316.26025	16.499958	0.57999998	289999.9917	0.323095886
PER	3	4	0	24.6730144	66.3727707	8.95421497	26.0620438	1.16860255	78.5	1.42753892	21.5	0.22883628	87.71031	90.92061	16538.479	13.3495091	5.662	13.6	0.82	3005.0	7.6	8.6	15.93418	5.21506882	370.109955	28.1324158	1.14103663	486470001.2	-0.2689633404999999
MAR	2	4	0	26.4825741	65.5874587	7.92996721	83.6764217	1.16956954	64.065	2.00501687	35.935	-0.3027711	64.49911	64.48602	26687.9414	7.37272762	5.064	17.0	0.7308	756.0	12.8	23.5	14.39771	5.30845118	174.22377	46.8105125	6.43893576	785869995.1	0.22723617920000005
KAZ	3	3	0	29.1814587	62.6501438	8.16839749	7.0387769	1.30791817	57.821	1.56767557	42.179	0.95292321	93.25123	92.59102	788942.96	4.0	8.6	12.7	3.98	4459.0	0.1	1.1	7.768281	2.78745675	272.96524	33.8638268	0.11997223	56639999.39	0.7372154534
BEL	4	3	0	16.9607351	63.4651144	19.5741505	382.690951	0.3773199	98.117	0.41605623	1.883	-1.6206189	95.08123	94.81871	38564.0361	6.24472195	11.0	5.8	5.9556	20712.0	0.0	0.0	11.30255	10.6560497	4960.39355	18.1728878	1.39449883		1.1821176890000002
VNM	2	4	0	23.1689003	68.6219587	8.20914108	316.602151	0.84932943	38.052	2.73818036	61.948	-0.2934669			52112310.6	2.5889245	6.444	30.6	0.8281		19.1	21.7	19.50669	5.24965572	180.718185	42.953186	1.7339083	1117229980.0	0.43217371698999996
AUS	4	3	0	19.324773	64.1742594	16.5009676	3.34622843	0.17883242	86.362	0.31903915	13.638	-0.7044852	92.69355	91.89515	78094.2153	1.47516288	6.3	4.9	3.7595	10156.0	0.0	0.4	14.95402	9.91078568	5427.4624	15.9810858	0.39857844		-0.2921069006
HUN	4	3	0	14.450273	64.9509288	20.5987982	106.39805	-0.4138025	72.245	0.0064864	27.755	-1.4995836	89.51638	89.05489	4325920.2	7.09661223	14.5	7.7	3.4075	13827.0	0.7	30.3	12.5111	6.35002232	1062.39417	28.1595612	0.30962214		0.05001916200000012
PRT	4	3	0	12.8692531	63.9817564	23.1489906	112.432242	0.02274172	66.849	0.83230658	33.151	-1.5900794	95.3391	94.01344	18685.6363	4.8812101	12.0	8.2	5.3117	8439.0	0.2	5.0	12.71895	9.53145981	2221.43921	30.452877	3.31107855		-0.15882741100000008
AUT	4	2	0	14.4703403	66.0507217	19.478938	108.534646	0.44105353	58.995	0.86062087	41.005	-0.1595178	87.11869	86.88993	40640.1397	4.48396921	10.3	4.9	5.2114	13795.0	0.0	0.2		10.4340315	5242.18311	19.0719128			0.03391584599999997
DZA	2	4	1	30.9150934	62.1665458	6.91836074	18.7327782	1.73080657	74.261	2.4443517	25.739	-0.2997973			422931.373	3.84779349	4.718	20.9	1.7193		5.8	9.7		6.24337101	248.205872	33.4437561		182110000.6	0.7517499123
RUS	3	4	1	18.4867519	65.5159875	15.9972607	8.75906446	-0.4362004	74.934	-0.1956994	25.066	-1.1517406	90.97303	90.39799	640481.063	4.81979166	14.6	12.0	4.4395	6622.0	2.9	22.1	15.95212	5.64849138	653.417236	36.5737457	0.89999998		1.5430401932
GRC	4	3	0	13.4176102	63.9413431	22.6410468	82.7352056	-0.3368858	80.038	0.06749228	19.962	-1.9420218	92.61503	94.04781	16972.5721	8.33610201	12.2	8.3	6.2262		0.2	5.7	10.81862	7.83788586	1500.59497	35.1769714	1.61979163		0.7663833100000002
MMR	2	4	1	25.1122249	68.4189008	6.46887425	83.9565772	0.7255758	31.448	1.70658478	68.552	0.27874127	66.63893	61.49661	1376398.37	-17.984742	8.253	20.4	0.7369	668.0			10.6808	4.67856407	60.015873	75.954689	3.46828556	2099520020.0	0.12678841548
AFG	1	4	1	41.1981867	56.1122928	2.68952049	61.0167999	2.30341213	26.314	3.40392482	73.686	1.91332459	36.69527	62.88953	33108.7665	-2.3511007	6.157	15.9	0.2782	229.0			8.329476	13.2422018	65.8060303	79.2986145	5.61390448	4339979980.0	0.06782173329999999
CZE	4	3	0	15.8120407	63.7503561	20.4376032	138.645674	0.05222112	74.214	0.25858439	25.786	-0.5393418	91.49009	89.59659	482356.523	3.34265301	12.1	5.9	4.1157	6268.0	0.0	0.1	9.249088	7.83470726	1844.21777	14.1500254	0.05268634		0.5099165183000001
PHL	2	4	0	29.5286813	64.7495487	5.72177004	372.428179	1.32879471	47.684	1.90928721	52.316	0.80261782	71.3301	60.15612	166938.944	5.70315597	5.979	12.0	0.6004		17.0	24.8	21.16679	4.07676649	142.078766	48.5594864	1.41477716	905359985.4	0.09522679307000001
CHL	4	3	0	19.0139359	68.2858031	12.700261	25.839321	0.50173121	87.817	0.60426801	12.183	-0.2342764	89.88541	87.45981	10432077.5	11.6682247	6.348	14.9	5.1824		8.5	16.6	13.44245	9.33272362	1375.80298	32.8000259	2.0893302	73699996.95	0.9246888334000001
ETH	1	4	1	39.5622792	56.8733346	3.56438623	104.379868	2.50197331	22.174	4.6858345	77.826	1.88838409	30.3126	31.30377	18901.8689	5.63730301	6.289	28.2	0.0769	43.0			9.40839	3.23808599	26.7422047	37.8753204	0.26520482	4893290039.0	0.036927698829999994
POL	4	4	0	15.2497506	65.3801009	19.3701485	123.398844	-0.3119608	60.075	-0.2586823	39.925	-0.3920752	94.23769	93.93706	58614.478	5.7325817	12.6	9.4	2.3788	1515.0	0.0	0.1	11.89295	6.44682503	1014.03821	20.4448128	1.31569397		0.6086504399
MYS	3	4	0	23.2666734	69.2877947	7.44553196	99.7601431	1.25940624	77.696	1.95166343	22.304	-1.1153232	75.42821	69.18652	42286.1251	3.13258966	5.254	22.5	1.5358		3.2	10.4	19.68993	3.82514191	436.61203	34.5738335	0.13060832	9069999.695	0.33197717860000003
CHE	4	2	0	15.017921	65.5961096	19.3859694	220.106195	0.70567961	73.996	0.81520421	26.004	0.3946753	83.93147	86.66088	84905.2653	3.69215263	8.8	2.2	4.3328	25923.0	0.0	2.9		11.291481	9666.33789	25.2931824			0.320206231
GBR	4	4	0	17.6234823	63.5293156	18.8472021	278.28946	0.36540989	84.152	0.66174182	15.848	-1.1935518	97.23472	97.03468	30245.9609	7.44127309	10.4	3.2	5.8233	10487.0	0.0	0.1	8.797263	10.154027	4312.88916	17.0736084	0.36943042		0.34274904210000007
ARG	3	4	0	24.2727804	64.22331	11.5039096	16.7387417	0.94749096	92.229	1.07551504	7.771	-0.5595589	93.0542	88.61459	15031.2231	10.2637609	7.602	14.1	3.9901		4.3	2.2		9.5100708	945.991943	27.6585159	2.53601456	16420000.08	1.6990434722999999
IRN	2	4	0	24.8365838	68.3613258	6.80209034	52.2045974	1.22566497	76.345	1.84451269	23.655	-0.7458955	80.37532	82.33494	172993620.0	1.76179709	4.835	21.5	1.5844		15.8	30.2		6.71061659	470.434601	39.4937477	3.45970011	216820007.3	1.9068115969000001
FRA	4	4	0	17.4924108	61.4207625	21.0868267	123.273637	0.17709919	81.242	0.50628682	18.758	-1.2362526	95.32789	94.0351	34438.733	6.96357079	9.9	5.1	6.5344	16306.0	0.0	0.0		11.0574722	4491.73535	9.26107979			0.10417178150000006
ROU	4	3	0	15.4899938	64.8521098	19.6578964	83.0804329	-0.7420629	54.329	-0.4932607	45.671	-1.0372274	83.3281	82.39479	24754.9979	5.87966789	15.4	10.3	2.9807		0.4	0.4	8.659664	5.74447823	738.558167	18.8771687	2.19121432		-0.6719111469000001
PRK	1	3	0	19.752273	70.6165606	9.63116642	214.990823	0.41896199	62.642	0.83648487	37.358	-0.2772529					9.315	24.2	3.6834									151929992.7	0.31469919600000007
CAN	4	4	0	15.7501216	65.6934899	18.5563886	4.26587743	0.54770701	81.653	0.65921882	18.347	0.05292826	100.0	99.62981	56196.972	4.56289386	8.1	5.3	2.4425		0.0	0.3	16.1	10.8444777	5048.37256	14.9146795	0.80000001		0.48748269790000004
THA	3	4	0	16.3014917	70.1627729	13.5357354	136.91958	0.21590722	52.163	1.63108417	47.837	-1.3047584	77.54404	77.01047	148776.275	1.56629534	7.917	32.2	0.9188		4.0	0.7	10.80672	3.78912091	296.1651	8.66959858	0.27342901	-326070007.3	0.20095234000000006
MEX	3	4	1	25.4873355	66.6798345	7.83283005	67.0090383	1.02585219	81.016	1.37825445	18.984	-0.4642533	82.50117	79.84907	136572.144	4.79719175	6.15	12.8	4.8496	1303.0	5.2	10.7	11.13099	5.43305254	540.372314	42.122097	0.23062883	544280029.3	0.8747077604
PAK	2	4	1	34.6302473	60.9706933	4.3990594	292.133573	1.93131882	37.44	2.66853745	62.56	1.49270457	34.18399	40.36689	172744.433	6.02975208	6.844	13.0	1.1179		31.4	53.1	11.08412	3.37992716	39.4992867	53.8084908	0.49841329	2217989990.0	0.10000478653
ESP	4	4	0	14.2166099	65.4645451	20.318845	94.7284977	-0.0775836	81.056	0.22637039	18.944	-1.3677829	97.75094	96.05046	23648.9193	5.12945513	10.4	3.9	4.0299	10579.0	0.1	1.2	13.26946	9.13213158	2711.19287	21.8114548	1.12299538		0.356038552
USA	4	4	0	18.2440162	64.7186221	17.0373617	36.282771	0.1183805	82.873	0.37089196	17.127	-1.0945284	93.03496	91.88962	61280.3896	5.67110719	10.3	12.7	2.6036	12087.0	0.2	0.6	7.676135	16.7670631	10921.0127	11.3115778	0.7560901		0.5755468100000001
IDN	2	4	0	25.6212097	67.8669141	6.51187614	147.195202	1.03228497	57.29	2.17158324	42.71	-0.4758358	79.88474	77.64231	40233016.9	3.69124011	6.567	11.3	0.4651		10.5	8.7	15.72408	2.90493584	120.124962	34.7615585	0.87407577	-605969970.7	0.07020993913000001
IND	2	4	0	25.7791118	67.4451878	6.77570042	468.657917	0.96666096	35.393	2.29491314	64.607	0.24642904	62.40373	60.94448	106011.086	8.94796267	7.301	15.6	0.9281		24.1	31.1	7.476921	3.0141468	63.7483215	54.7816353	6.53457642	2608629883.0	0.29825365009
KOR	4	4	0	12.2681828	71.164991	16.5668262	530.607834	-0.1764087	81.414	-0.1764104	18.586	-0.1764011	97.80743	98.19101	36926264.9	4.02115847	5.9	8.6	2.4082	3406.0	0.0	0.2		8.1641655	2624.5332	30.245081	2.86905599		1.409356924
EGY	2	4	0	33.8281977	60.7404193	5.43138295	104.734871	1.86258212	42.862	2.04706353	57.138	1.72441668	83.12511	82.44713	39595.0148	3.32674209	5.748	10.1	0.7463		9.7	24.9	11.40963	4.73997355	149.840317	62.7481117	6.0967617	1788969971.0	0.3707778044
ITA	4	4	0	12.7858698	63.6064482	23.607682	198.388557	-0.6468395	71.346	-0.2156122	28.654	-1.7125477	95.29366	94.0774	28401.468	6.64379019	12.6	5.3	8.013	6918.0	0.1	1.5	8.935328	8.66856861	2905.5	23.3148041	1.08317542		0.243742892
CHN	3	4	0	17.5954006	69.9914048	12.4131947	149.857244	0.0892522	62.512	1.83853028	37.488	-2.7613221			69675.1541	8.10979258	7.07	17.4	1.9798	2732.0	6.1	7.8	17.66019	5.3502779	535.133362	35.2300186	9.18357563	-559890014.6	0.6653749357
BRA	3	4	0	20.4506127	69.6106521	9.93873518	25.6029979	0.6723844	87.317	0.95221731	12.683	-1.2331801	83.18157	80.33465	19510.1282	4.61942162	6.614	16.0	2.3106	13940.0	13.4	15.4	19.90091	9.5912714	853.387939	24.8798466	1.88022995	299390014.6	0.4944453071000001
DEU	4	4	0	14.0386038	63.9843449	21.9770513	237.933725	-0.037989	77.544	0.07943364	22.456	-0.4424106	84.68996	85.86768	38329.0307	2.89260243	11.9	3.8	4.2996	12188.0	0.0	0.1	5.012014	11.6972494	5440.25146	12.8164005	0.09586816		1.3003066479999998
JPN	4	4	0	12.2989632	59.0030049	28.6980319	344.805468	-0.4599524	91.867	-0.3673845	8.133	-1.4996533			4270242.04	1.62079553	11.1	3.6	2.4796		0.0	0.4		10.7437248	4360.47363	12.9073572	1.89999998		1.952266194
CUB	3	3	0	15.7315769	68.0818785	16.1865446	109.031773	-0.0805331	77.292	0.04634386	22.708	-0.5111861	86.70001	81.79969	4476.0059	-10.948341	9.3	8.9	8.4199	4757.0				11.3402052	1031.92175	10.5857048		497250000.0	-0.79044452172
QAT	4	2	0	13.6574024	84.4712966	1.87130101	255.049956	1.70229646	99.278	1.74562793	0.722	-4.08409	91.7859	96.0349	224498.923	1.52339736	1.294	7.3	2.4852	1891.0				2.9106288	1807.15393	12.3265209			-1.3432502623000002
IRQ	3	4	1	37.3022304	59.2204952	3.47727441	94.8553215	2.35103263	71.119	2.66931728	28.881	1.57155358	40.25403	49.797	4916742.9	2.78333544	4.707	27.3	0.7079		12.6	39.5	13.38751	4.47671509	253.314636	50.0969658	0.87106323	2242449951.0	-0.18886030040000001
NGA	2	4	1	43.3088077	53.933835	2.75735737	232.112063	2.52018575	52.746	4.02540911	47.254	0.86635428			347126.429	3.64718654	11.422	20.7	0.3806		30.6	49.6	23.76233	3.02666044	71.4657288	70.524025	4.09420729	3571530029.0	-0.2191426949
TUR	3	4	0	23.5694305	67.1447443	9.2858252	110.498208	0.83087207	76.569	1.43870564	23.431	-1.13006	86.04436	88.3655	23542.0748	10.986181	5.484	6.7	1.8065	11911.0	1.8	1.0	12.04052	4.34409809	396.466827	16.8898201	0.36360547	851659973.1	0.7923708799999998
